-2.31635 74.8894 -1.98675
-7.77917 67.3879 87.1395 66.277 -8.64589 -4.26344 42.4421
47.3861 28.0007 -56.1876 -69.6585 -51.9517
69.6219 -57.1337 -28.4463 78.7957 61.4795 47.3678 46.3485
93.7498 -43.0097 7.97449
78.0999 73.217 70.5313 -60.1489 20.249 -2.5483 60.21 40.3302 40.3912 -17.8991 -58.2934 -22.6539 21.0852 55.7726
-75.7134 -7.38853 68.218
-90.5148 8.35292 -95.8068 40.4462 57.1581 -59.7034 -37.9681 -29.6304 -36.3079 -88.171 33.7809 16.8065 -22.7577
50.3586 60.2832 -7.65099 -58.2324 63.1825 70.3177 -6.31428 -87.402 18.7292 21.7689 18.247 2.52388 56.9384 -13.2969 74.1752
-85.3694 44.6883 76.5679 69.3899 61.7847 -36.7168 -51.2131 44.0291
37.0647 23.0689 -83.8923 -8.45668 78.4234 47.6608 42.027 77.6177 40.0678 69.1763
30.2774 -69.0725 93.2249 -31.4432 90.9482 73.4611 -7.56554 -10.6479 -23.2154 60.7044 28.0068 95.7884
-33.4452 79.5404 -32.6518 -90.5332 -91.0703 5.58794 12.7903 52.7146 -10.7212 -12.1616 -64.3178
-11.3132 -24.0272 98.5351 -72.5028 0.961333 -51.384 -45.8541
-86.1568 38.4381 6.6744 88.3663 -53.1297 -27.7749 58.6901 -83.6909 78.6248 27.4514 49.7482 -51.6648 -59.2029 44.7005 -48.8571
89.9289 -13.1993 -67.2842 -6.15558 -11.6611 -52.3118 -88.2565 -18.5705 -77.7215
81.1945 12.2349 46.5499 18.5827 -94.4151 51.1704 46.8673 -94.2869 61.5711 86.1751 -32.1696 60.625 56.3219 84.814
-59.0503 81.0724 -70.3055 -1.76702 -14.7679 38.8897 -43.4919 -99.823 82.6044 85.9554
96.3378 -56.5661 -91.7173 11.6001 59.1662 90.7041
-83.7886 -26.8166 71.7215 -99.1455 -60.094 41.3068 -12.3936 -21.2134 70.3421 34.2753 25.0465 -89.9838 68.273 98.8098
