-5.14237 -1.53508
-1.44963 5.91144
-40.6659 -53.0686 -44.8836
2.25532 20.2307
62.8285 88.4884
41.258 71.1112
-48.0514 -27.9153 -58.2141
-64.0431 -32.6701 -53.1968
44.3831 11.6245
-22.953 -57.0238
-61.0523 -33.8603 -69.6341
58.4033 20.6397 62.3646
-66.7043 -20.6458 -24.955
36.729 83.2209
75.4753 32.3466 80.1508
-14.8412 33.6589
41.3556 90.4294
45.5794 30.7596 34.8369 -14.536
12.6255 49.321 23.5694 75.4692
-29.1421 -44.731 -97.7721
32.9508 18.8757 -36.5703
-39.0667 31.4737 27.195 20.2734 -6.44246
5.66118 21.6956 -51.8052
36.9182 61.6749 34.5073 -12.4912
-3.81787 70.6778
20.1209 34.8125 -43.26
29.7769 53.7706 -30.2103
-87.4203 -3.36619
-94.5921 -88.0795 -4.59914
-20.7495 23.8807 7.63878 6.8453 -52.4888 41.4045
-3.81787 21.5796 90.5576 65.5873
-19.5471 75.9514
83.3186 -12.6743
12.7354 54.6861 -41.4045
-16.2633 39.8785 37.962 80.8405
-35.2702 53.5081 -32.6945 61.9984 40.2448
19.7424 41.7341 7.15049 35.8074 17.9968 38.3282 62.4805 77.0806 44.6394 -9.79339 61.7969 63.036 88.5617
-36.3323 62.0594
-67.4245 27.9458 -70.452
51.0178 -48.3383
-7.37632 91.2168 92.1567
-6.25935 64.0919 -35.5449
85.9066 -13.7608
59.7522 -19.1748 31.4005 81.9086
-54.5396 47.0809 -52.8611 37.1624
73.3695 -27.7505 42.9182 42.1125 -28.5989 21.5796
-84.106 18.5583
-27.0302 46.202 76.513
14.658 0.338755 47.8805 24.2042 40.2753 -48.6435 56.9262
-5.17289 -39.5734 66.1122
-76.5496 29.7647 17.5939 -35.0322 -3.20139 -40.2142 -45.7381
45.7564 42.3627 -23.6732 -6.00299 9.53093 75.5364 84.9055
-58.5131 6.12506 50.383 20.9998 45.3658
49.0036 -55.034 -63.567 -5.08133 7.85852 42.8327
-36.6497 35.2153 8.67031 -79.3023 -11.1179
22.8858 -85.6258 13.2969 -65.8376 5.31327 -69.2557 -82.5678 29.6304
-86.0714 30.6009
-37.8033 80.3827 3.16477 -17.9724 -33.8359
-73.1559 -58.5559 18.8818 46.2203 15.2684 -35.0261 15.1036
83.3918 39.4635 84.5759 -18.1982 -25.2174 94.8729 78.4417 73.4733 19.4006 -16.2328 -1.43132 -12.6011
-34.2875 68.9566 -2.62154 -52.385 40.6537 -20.603 62.2425 -41.4472 8.829
63.2862 17.6 26.1269 -58.9099 9.61028 -41.3923 -36.5154 -53.3311 43.4614 -5.17899 -26.7312 -32.8288 17.1484 13.8585
40.9833 -61.3086 61.5589
-78.3013 17.185 46.4034
-9.26237 22.2999 -31.6141 92.4924 79.0948 4.52589 -13.5228 23.9784 87.1029 93.8414
-57.8967 41.142 49.9741 62.5782 -63.3106
71.3248 -46.1409 -55.0157 -24.7963
-66.0207 61.4307 -14.7191 16.5197 50.2731
-18.54 75.4692 -52.1348 -7.67541 -0.7416
35.5754 94.1893 -34.9834 -28.5989
-94.3419 -9.89715 34.9651
23.3497 45.616 -72.277 48.6251 42.3322 -82.3237 45.1765 -66.7959
-26.5725 74.5659 13.5105 -57.4511 -1.04068 -44.3037 37.9559 42.6435 47.5509 -44.084
-80.517 44.6394 -87.9391 20.1147 -51.9028
-58.3544 11.0752 46.9832 -86.3521 -30.3323 -4.0315
48.0331 42.2956 -78.0206 -76.4763 12.9917 -85.4671
35.6914 -2.28584 -4.84329 -98.2177 -63.4816 -85.9493 -0.570696 -0.192267 -2.19428
-47.7279 10.4953 86.2117 -10.5441
-13.8157 72.3991 -31.9132 -34.4157 -23.3253 60.6738 -27.195 96.3012 -10.5747 89.4162 40.6964 -34.9162 -38.5723 51.2558
26.6457 -55.6444 37.1136 8.93887 79.8151
-19.5349 58.4399 98.1079 26.6274 -6.29597 48.9059 70.9464 -28.8614 84.0083 67.8335 -39.3231 14.2979 -38.4259 -18.4179 77.3431
-75.7317 -85.5647 0.69277 -91.3205 -26.5969 46.2752 27.2683 -16.5929 23.7831
-32.8166 -71.8436 68.4683
-43.7239 -45.6771 52.3118 2.99387 -45.9883 -19.3335 94.6898 -28.6233 -16.9836 29.136
71.8314 -37.0647 54.503 -69.219 12.1921 47.6241 -28.9773
-95.5138 45.7747
-99.3286 -13.7669 32.0536 -75.0786 41.9721
-10.5747 10.184 31.4615 87.5729 -52.3972 17.8747 -50.4379 -53.9964 25.0465 -45.7564 53.5386 37.4493
46.3668 -11.8076 -96.0204
21.7383 62.9627 -79.6869
-13.8096 -18.6499 -69.6768 -36.491 73.162 68.0715 -42.6435 30.6253 -2.10273 3.49437
-29.2093 -1.43132 21.1829 -3.29905 -43.6262 69.7378 99.2981
-13.7242 67.3635 -61.2964 -36.4238 -75.9148 -18.4118 -41.2946 -21.5613
-94.9889 8.67031 48.3139 -44.4136 21.0791 -35.0871
-14.7252 -42.1125 -64.2262 -27.3598 77.337 36.8267 79.3146 63.86 49.5041 -51.1704 -40.2692 67.4917
-20.7862 70.2994 93.2066 84.3562 -13.6937 -10.7273 -51.2986
-22.2327 56.5722 59.9902 93.0662 75.4753 -51.5244 -26.664
0.430311 52.0249 49.8947 94.702 55.9008 -47.0626 17.4413 -35.5998 -19.8096 28.721 97.6501 40.5744
6.33259 -35.7585 99.9268 -44.8225 30.9427 93.8292 90.4294 77.5689
50.9323 -34.1227 -11.5818 10.361 0.723289 -13.6448 83.4223 -42.0148 -45.8907 55.034 -61.8091
69.451 -36.7107 -47.5997 4.33668 -2.69478 52.4705 43.6567 -76.6289 54.3382 61.1744 11.3071 39.5123 47.496 60.5029 66.4052
-78.9972 7.87683 29.7708 12.186 -66.1489 22.5684 -86.1019 -88.4884 -28.2754 -71.6788 57.6708 -60.2832 -19.1687 3.03659 -22.1473
37.0159 -2.63375 -61.3575 -15.9825 -68.4256 63.9576 -36.5947 9.9826 31.4615 -4.61745 -17.4718 -7.51061 -75.9026 -82.2748 52.6292
-26.6579 73.7297 -72.9667 45.8296
56.2181 -29.4839 18.717 69.8721 -77.9778 70.1041 48.0697 -59.9475 8.99991 -0.222785 37.6446
-36.8145 1.99896 -50.1267 -48.8876 -0.5768 38.5784 48.4542 98.0285 28.0129 -47.0199 80.0531
81.9025 -11.124 10.2695 56.5538 74.1447 -11.3315 -66.6738 -35.7707 -11.9175
52.5987 2.51167 -86.8526 -46.1165 52.3179 -20.603 -21.8055 0.149541 -96.2828 -88.8119 -45.1399
-55.6688 70.7022 -18.6193 -78.3319 -41.2885 -50.8225 -52.8855 -77.0745
59.2334 -89.9472 6.31428 -67.4245 -75.0298
71.2088 3.62865 6.86972 -22.4281 78.3807 -25.4006 77.8314 -70.9037 -17.4474 29.96
86.0408 -63.2801 22.6905 41.2458 84.6309 -27.9092 12.6377
-12.1738 -57.2008 -70.2261 65.0258 -84.7896 63.5731 21.6346
51.0361 -8.54213 -90.2951 -74.6147 -99.8474 11.0935 -29.5267
-32.4686 -14.7191 81.0968 4.2024 -69.9515 -13.5533 57.1703 0.167852
-2.64595 -27.6711 68.8406 -40.965 -82.8303
44.0901 -73.7602 -22.5379 -36.1309 -14.8839 77.9351 -64.0004 33.7687 -20.1147 -42.8266 76.7327 -31.1991
-37.4493 88.3297 10.0742 95.5748 -56.9689 20.3284 34.7514 36.4788 44.6577 34.9895 -45.5428 19.4555 -30.2042
-93.994 -40.7575 26.5542 59.1174 11.3804 44.4929
0.930815 -78.7225 -83.1538 -91.3572 -47.2884 -2.79244 -71.5629 56.1449 62.2425 -83.929 -81.0358 -25.1503 40.3607 -36.2041
-60.8875 10.0558 67.1133 28.3914 20.9754 92.7427 -7.55333 57.6281 -58.6291 35.7585 65.2333 90.4233 19.6265 80.8527
65.3188 -79.6197 -10.77 -57.0238 -86.3277 67.3574
22.5013 8.4872 15.0914 87.4569 -63.6708 64.3361 -61.2781 -6.60115 -63.213 61.6443 90.2768 90.0204 48.1979
26.8166 56.0472 61.333 -29.2398 -45.9639 -92.7305 -75.0175 -20.2368 -28.7149
11.6916 -75.1579 -80.7917 0.5768 65.3371 -62.2425 40.6293 -89.0683 45.1949 61.095
73.6991 -17.069 -70.1041 62.157 54.387 85.1619 -53.0992 70.098 -36.552 30.0577 83.8801 -19.48 -40.8612 -10.9897
57.4328 -61.6504 -40.1593 -64.6962 90.9848 72.2037 0.460829 49.8276 -50.4074 -44.1694 -26.8777 55.3575 -19.9011 70.3299
-28.2144 -55.0157 76.3237 -79.5709 0.985748 38.9203 31.5348 -1.15665 -31.6324 24.5949 -76.0857 34.7514
9.54314 -71.1661 30.6986 47.3739 26.2001 -83.6604 -73.5038 72.9484 -53.1053 -47.0016 47.2213 -62.1937
-74.987 82.4335 -52.4522 31.0282 -28.6905 -3.43333 27.6894 -21.9764 2.8779 -20.0659 -43.6995
49.8459 6.07624 -42.5031 -67.3574 -50.2487 78.4661 29.0567 36.552 -72.0511 -63.0116 85.4488 -62.4989
67.449 72.2648 11.1484 -12.4424 20.0293 -85.2535 -77.5506 -81.0236
34.2631 62.5355 -25.8644 -20.7129 56.389 -89.7885 -95.0377 -82.873 -4.01318 -0.418104 9.62859 -6.93075
-7.46178 51.0727 24.369 63.1825 -45.4695 -94.5311 -67.3574 46.1837 -84.7957 -5.22782 49.5773 44.4136
-9.35392 50.8164 78.1854 -63.152 -54.503 44.8042 33.5368 -79.8273 63.329 39.8053 -52.8306 50.914 -46.5621 30.7047 66.1916
61.211 -29.0872 92.8465 57.0238 25.2785 86.0897 63.0909 -14.6336 -35.9478 -24.6864 47.8805 -33.8603 -61.4612 -65.4164
-50.09 -61.0523 97.5951 -17.4108
40.1898 5.25224 55.3026 35.3435 -93.0845 -49.6139 65.6178
4.49538 21.6407 92.9136 18.2775 2.66427 -66.0146
9.72625 -63.3229 -38.8531 56.7919 7.57164 -92.3704 53.6485 66.7837
78.2342 -69.6219 88.7204 -70.9342 -17.0751 33.61 -66.2587
-0.69277 -18.9123 -87.7071 -21.2561 29.96 -67.6687 -65.9963 72.0511
79.1131 -60.9241 -81.695 4.28175 72.1244 0.997955 -11.8259
-35.2763 68.1448 -39.4269 -72.5639 37.6263 -55.0645 -1.24821 -58.0004 2.37739 38.2916 -82.7876 -92.9441 -2.2187
-68.3218 56.2914 58.7756 55.8824 -49.62 10.9043 92.8648 69.6158 -68.0532
85.3084 71.6788 50.9262 63.213 -19.1259 50.5539 14.7923 -21.6651 90.6858 -70.629 32.0902 -70.4093 -65.8925
92.9807 -68.9566 57.5121 -6.11896 24.0944 -44.3709 -25.9072 -59.3249 91.3327 39.2621
-98.4313 -12.4546 -67.7541 63.5914 -46.794 -6.49739 -35.02 13.9744 -44.8408 31.8766 -93.347 50.2243
78.3135 2.95114 -5.5208 -84.344 -11.4536 -10.6235 41.9721
59.5019 -82.5129 -84.7774 44.2854 78.0999 50.3098 2.8779 -32.8227
84.8811 31.9437 -12.8941 -78.1243 48.7289 -21.0974 43.6079 21.5979 57.9089 78.2708 8.89004
2.70089 -67.4245 -27.9885 59.4104 1.47404 -1.64495 -69.042 85.9737 94.8119 -50.3037
14.0049 -17.8076 -16.6662 -87.3226 76.6106 -21.9337 46.5987 -35.6426 14.7557 31.3578
68.1692 30.3812 -72.1732 48.7411 49.6689 45.6282 92.3093
-5.24613 -74.0776 -51.6465 -33.6406 -42.8266 48.2101 90.8139 -2.60933
73.9006 -23.6061 -58.684 -69.628 -91.5036 47.9293
68.6148 86.108 26.7129 -57.6586 -66.9912 -1.3947 38.1268 63.2862 98.7487 -66.747 85.9004
-2.73141 93.9451 -42.1308 76.4275 -26.7617 74.8955 45.0667 54.7716 -71.8009
67.5527 -89.996 40.0311 -94.2076 -43.1013 -89.3674 71.5445 -7.28477
-49.3637 72.6615 -75.4021 9.56145 47.8622 -93.1578
-27.5918 -56.1876 63.9393 -53.4288 31.6568 91.406 -74.7002 9.84832
38.0047 19.7607 -74.6452 -27.7505 91.6257 0.13123 34.3974 73.217 -31.077
47.7767 -43.5163 46.1715 -70.4276 -77.7154 14.4871 29.5022 -98.3032 57.0849 3.79345 38.6822 68.2791 -1.13834 -17.5207 -94.9705
-76.5435 -1.55339 -48.4054 -95.7701 70.8975
66.8264 50.0595 9.96429 14.5787 8.18201 -76.2871 32.1146 9.78729 64.5863 -52.4461 24.015 -83.9228 82.8913 -68.4927
45.201 -24.0333 -58.8977 18.601 31.7423 62.3218 39.787 -37.8033 -56.6759 -83.52 62.5294 82.4702 -15.3661 83.4834 -3.03049
39.1278 -59.9353 -38.2488 -33.964 -83.4407 -39.317 83.7397 20.8655 -27.0547 79.3146
-77.9656 89.6725 66.7043 43.7605
-33.9457 -49.9435 -77.9901 -73.2353 -26.78 84.0022 4.26344 -23.3802 87.3653 89.9289
-10.0009 -13.889 -96.2951 71.6605 -10.1047 -83.8923 -46.8123 -80.7123 -84.582 -35.6975 44.0107
87.1639 35.4961 31.901 61.333 -11.539 46.6109 -3.93994 -51.3901 70.5435 -80.9931 -28.2571
-84.5882 38.6456 69.3655 -23.722 -42.5947 -88.995 51.3474 50.6699 20.5359 20.9937 -51.3047 -99.5117
28.8125 -92.5352 24.308 61.7542 -53.6546 -80.7489 -31.9681 76.5496 14.4627 26.2673 -33.549 -37.6568 -4.46486
40.9711 -17.1178 82.1528 -23.191 -87.0052 -48.7655 74.1569 -41.5693
25.2358 -93.3287 40.9284 30.0943 3.89721 7.3336 76.3115 -29.9173 70.9098 69.1824 -69.3838 2.0661 46.91
72.7348 -93.3164 -20.8045 -97.0763 14.9144 8.60317 0.991852
4.85549 22.2144 -75.103 -94.8241 -58.5986 75.28
89.1781 -81.164 -26.4382 -18.3447
-61.3392 35.2763 96.1364 -1.51067 -74.3828 74.7307
79.5892 19.6081 -3.01218 -91.2229 32.9508 7.87072 -37.4004 -5.40483
86.3704 74.4499 2.44453 -4.06201 20.4443 19.7668 39.8907 -84.5943
-94.171 -91.5586 -17.3376 -69.4449 25.132 76.9585 -36.0698 -71.7338 1.57781
-40.5988 -89.9045 30.3995 -89.9594 -23.6671 81.2067
35.7402 -73.8029 -63.2679 56.9567 -51.8296 96.9176 -50.5661 97.9003 27.6955 -67.0461 -27.4453 -30.4666 -14.536
-14.8839 -10.2206 -87.5301 -74.3828 68.572 14.3345 -12.1189 -69.2862 -76.1773 -56.389 -5.00198 84.2769 59.093
-33.9274 84.2402 -4.67849 43.7788 -81.988 42.2407 -88.5006 29.7647 41.258 -25.3639 -29.2093 -6.28376 -10.0864
-90.3073 -23.4718 53.2701 -47.4471 82.5251 60.1917 -28.7454 -34.4707 -78.7164 -24.7353
78.5577 41.5204 55.7665 -83.9717 89.0133
-30.1614 -54.9364 -79.9982 77.6238 -95.3673 -17.5146 -3.23191 -63.1581
83.3125 -80.285 47.2457 53.1236 73.9189 -15.1463 -33.6406 76.0491 92.8404
-85.2596 8.63369 -50.4074 82.5861 44.8103 88.1161 27.5246 -76.5069
-74.5415 90.5087 -83.7336 -17.5695 -64.8671 -21.1585 -23.838 -2.77413
83.2759 -14.9327 -83.1111 -37.1746 -58.2995 32.2733 47.2579 -62.5477 -24.2531 91.174
-71.7032 91.3388 23.6854 -83.1599 2.96335
-39.6466 -77.929 39.7687 76.4763 -98.0346 3.7141 -91.3572 28.8736 66.5273 -51.6953
-96.4843 -80.6391 -40.0678 2.73751 -5.64898 -81.2799 -29.8563 75.7256 78.9911 -89.3246 -13.2481 58.2934
60.8203 -94.3113 -22.4219 66.1306 16.654 30.1187 -46.1348 -87.6461 81.2006
87.3531 14.6702 21.5613 -88.4335 -22.251 65.8315 -43.9314 78.8324 59.2883 -15.8849 -26.1452 -76.4336 -17.246 -15.1891
31.6996 5.16068 38.9019 14.658 -61.5894 68.2608 -87.1944 -35.3008 89.0255 66.2038 13.8035 44.7737
-38.4869 89.6664 -70.5557 -86.8954 26.072 76.4946 -86.2056 66.57 23.0934
-93.2127 75.2556 -15.4088 83.3979 -6.46077 82.4274 -59.0564 -59.4653 64.2628 81.7072
38.2061 -27.5613 -25.9255 6.05182 -50.2304 48.7655 -86.0469 73.9677 -99.0722 77.8558 -62.8162 -1.81585
68.3035 89.758 -9.09146 74.3828 -87.3409 83.2148 -38.9935 -77.5445
16.8676 12.8636 43.1379 -31.0709 27.5796 -13.9378 79.8761 72.9484 23.2276 24.8085 40.0433 -97.3022 -15.1524
-61.034 46.5438 92.7549 -83.6177 51.5793 49.089 83.1599 93.646 46.6536
-71.1051 86.7 -21.4637 32.1635 -90.8322 -11.3559 46.3485 1.93793 -2.20038 -23.8807
27.3659 97.2167 95.7579 -65.2577 37.2784 1.15055 5.15458 76.0857 4.99588 -78.4112 -23.4718 -46.6781 30.8451 -23.5633 99.6338
33.1278 49.4003 -98.938 22.2327 -2.65206 54.8997 37.3577 13.1993 50.2853 -57.6281 64.5924 -23.014 79.1253 -74.6452
-1.13224 -10.5869 33.1095 78.5638 44.8897 40.8979 58.8549 14.2491 -61.4917 39.6039 79.046 -60.4907 -99.0661
91.7661 -86.8404 -24.9794 -48.1979 12.8391 -79.6686 31.7789
58.1896 16.1168 56.8773 42.0087 -88.8546 89.7885 -83.3247 84.6065 -75.988
30.546 25.0465 -90.1303 70.22 -14.774 30.5033 88.5189 -61.2598 -2.04169 42.4665 -13.0589 -13.7852 -9.82391 -26.7312
-2.82296 -47.5509 -85.8699 92.938 25.8339 -63.2679 22.7882 -34.3181 61.8702
40.6049 -58.3911 39.5917 -16.0497 12.0273 -83.874 23.5084 -11.6855 95.056
-93.347 -20.481 85.6441 -37.4248 -62.4439
51.6282 8.92666 -79.8517 43.6506 -17.9785 99.1821
-54.387 69.8599 82.6167 98.7548 -45.3902 -28.2388 -26.5542 86.993 56.5233 -80.3339
-45.9029 53.6668 15.1585 -85.9432 75.28 93.5606
61.0034 63.9149 -18.6254 54.9913 42.3688 96.8688 59.5569 -35.2886 54.2772 -83.52 -0.820948
46.4095 -23.5206 95.3856 83.4956 -31.7911 16.4403 -83.8862 -70.4337 -85.0887
-96.8505 36.0881 66.7409 -0.0152593 83.9167
-22.129 34.904 -85.931 -11.4414 -59.2334 -77.7581 68.0837 46.0189 -92.8526 -85.0154 89.5627 -43.7727 -68.9261 -55.9801
-98.4985 -46.2691 32.9386 -27.6772 69.1458 -4.23902 -21.366 -0.100711 -47.8561 -29.7586 22.6173 52.0554 -15.5675 84.1182 -82.0673
93.1455 -41.4472 64.1041 87.3592 -37.7422 -89.526 26.2185 60.1794 -72.4357
-79.6136 -76.7205 87.4203 -5.92975 24.5033 -60.6677 -95.5016 -4.0315 -87.109 31.3822 38.3038
-33.0363 30.7047 45.6099 12.5095 87.0235 7.65709 -96.2401 69.8599 23.0628 64.7267 -31.3761 72.0939 -89.3674 64.8793
66.8752 -95.8007 -46.1043 -44.0413 87.64 5.07523
-56.5538 68.9016 -84.8079 -10.1047 -19.602 98.9563 -28.544
-35.5144 91.3266 23.7342 39.5672 -2.67647 75.0237 -11.0996 -93.4019 -25.3822 9.84222 -21.5552 -26.4748
-68.804 -24.6376 -42.2346 63.0177 98.3886 -86.578 81.3532
-25.016 -73.2292 50.2426 60.3992 36.9915 -60.1794 72.0878 37.3211 -97.2961 -18.2592 -56.4318 87.7682 -13.303 -66.448
-85.3023 -7.87683 89.2331 72.5944 10.1047 99.9329 -72.0695 37.6995
31.962 -19.7668 -89.7763 -61.2903 69.274 -84.637 -93.7559 -81.3166 -91.5891 11.1118 -71.6971 78.1365 92.6695
-15.6102 22.5318 2.27363 -47.3006 15.9948 31.8949 18.302 -97.6684 -16.3549 49.9435 89.0439 51.7991
91.7722 23.368 -56.5233 60.1856 -86.4132 -61.1866 18.833 75.6645 22.66 -95.1231 -38.4869
-72.9057 25.6447 82.635 92.3643 -94.6348 86.9259 -60.9729 -83.105 -92.7732 85.0276 43.4248 -21.6773 -13.0039 89.9289
20.9265 -95.7762 91.4792 -42.3322 -42.8144 18.5339 -7.79138 85.8211 -2.32246 74.1752 -61.9129 -22.6539 -67.1316 47.496 56.8102
94.348 3.42112 -11.2217 -78.6187 78.1365 -17.6244 -68.395 41.7158 -92.9624 16.9713 -9.1464 -5.97247
2.99387 56.1693 98.175 -20.8167 -19.7851 -50.4868 -89.3246 -38.7005 83.1782 -31.9132 46.4034 58.2812 44.2183 35.667
4.69069 -68.041 86.0103 96.2828 -91.699 63.5304 -35.5022 40.08 -57.3901 -47.0687 -49.0829
-70.9769 -40.0067 -89.7763 64.3849 84.5454 -15.3356 77.0257 98.2421 10.3061 35.1787
85.3572 22.2388 -95.1781 11.6123 24.7658 93.2798 -61.6382 27.6772 56.6271 67.2842 78.2708
-45.1827 95.9044 -35.2824 -91.8699 50.0534 -57.5365 -93.2859 1.49846 -81.4814 -28.5379 76.2993 43.8032 -23.5878 -70.2689 -53.3311
-90.1486 17.9296 99.0478 -81.4936 -64.7389 -31.1747
55.8947 58.2568 26.9997 35.0017 43.2112 97.2289 73.3634 -91.9736 81.9025 -74.5964 3.33567
-45.0728 0.717185 -67.7175 -32.9508 -34.3425 -12.8208 -7.6632 -97.6501 91.8332 -23.1483 25.3945 77.0562 -94.0672 40.6415
-25.8095 -83.2026 14.3651 -26.0659 -46.8368 97.4181 -48.4237 30.2225 65.3066 63.7196 -92.5901 -90.173 51.1948 33.903 7.46178
-58.3178 91.4792 95.5199 -94.9644 -34.2265 -46.9161
39.2071 33.0912 -23.7403 21.775 11.6306 -91.5464 -18.0395 79.9799 99.0173 -3.34788 57.329 60.9302 54.088 80.2179 32.609
25.3151 43.144 -80.7733 38.5113 -70.629 -63.2679 96.588 -94.1038 7.3397
93.469 80.0348 91.2046 54.7411 -56.0228 -76.2688 -18.9795 -97.412 -91.7539 -71.8497 13.9866 51.384 -40.0983
94.6471 -50.4318 -25.9682 100 -77.2271 -43.7544 -60.9912 75.4509 -90.8933 87.6644 -12.1067 56.0167 15.83
5.8565 -94.1832 -37.0159 -21.9825 -99.8474 -48.5397 86.1019 91.4548 -77.1111 -39.7809 -69.0725 37.7728
13.9317 93.4385 -93.9085 -93.6949 -84.0449 -18.5705 25.8827 97.5463 -15.4027 -33.9518 -52.3362 -36.5093
50.8957 -79.2169 -97.6318 -96.7284 5.31327 59.8376 89.6664 94.1282 76.5374 9.02432 71.1051 -89.9899 6.44246 -88.0551
-88.9584 -25.1137 89.2209 36.7656 -1.79754 -25.3822 -55.6444 -5.28886 95.3429 -52.7512 -96.5453 79.0155 -20.1453 14.6153 -60.9973
-58.8794 -80.4376 -30.2774 93.9695 -96.4049 7.9928 -46.1715 62.5843 27.5307 -30.8695 4.80667 -93.1394 -98.114 -72.0328
-26.7739 -34.9834 -58.1103 50.5112 18.9306 94.818 31.8216 -97.4853 18.2348 68.8162 80.4376 -14.1636 57.7258 -48.8449 23.5389
-90.8017 77.0135 58.446 -93.6583 -54.326 99.5849 59.209
33.3048 94.94 74.8527 23.7709 61.7359 -58.3666 76.69 -21.189 -44.0474 57.8906 -99.6826 83.3064 38.5907 54.8326
-42.5886 -98.3825 1.4069 -46.4522 96.4171 -91.5281 -65.392 16.4342 -51.207 -57.2802
-39.3719 -9.6408 83.9534 -72.2343 -96.2889 -89.7763 17.9785 21.775 2.59102 63.4999 30.7474 98.9074 25.2358 32.255
-98.0102 98.5717 33.256 -54.3016 89.5871 21.9642 9.60417 -38.1878 51.4878 -31.5653
98.0895 30.4239 -85.4549 -40.7147 12.1555 -42.9426 -82.3969 32.8837 48.1613 -36.5764 -98.9746
46.5438 86.5658 40.6049 -99.3774 20.8594 59.1968 -52.6414 -27.5613 31.0953 -54.4725 -45.2254 98.1933 -31.9498 -82.5617
